       0    1    2
0    543  189    0
1    556  545    1
2    555  554    2
3      7    6    3
4      7    6    3
5      5  903    6
6      7    6    3
7      7    6    3
8      8  194    9
9      8  194    9
10    10   12   11
11    10   12   11
12    10   12   11
13    13  771  784
14    14   17   19
15    28   30   27
16    28   30   27
17    14   17   19
18   560  557   18
19    14   17   19
20    20  768   26
21    21   25   22
22    21   25   22
23    23  398   24
24    23  398   24
25    21   25   22
26    20  768   26
27    28   30   27
28    28   30   27
29    29  789   31
..   ...  ...  ...
970   29  789   31
971  428  971  790
972  429  610  791
973  973  792  922
974  974  793  612
975  975  251  432
976  976  795  614
977  977  796  436
978  978  798  617
979  979  618  256
980  980  799  439
981  981  800  619
982  982  621  801
983  983  804  624
984  984  805  624
985  985  626  806
986  986  807  808
987  987  266  898
988  988  989  266
989  989  540  538
990  990  525  706
991  991  833  283
992  992  833  144
993  993  287  831
994  644  821  276
995  995  276  820
996  997  996  816
997  997  996  816
998  998  110  276
999  651  822  277

[1000 rows x 3 columns]


       0         1         2
0    0.0  0.000000  0.000000
1    0.0  0.000000  0.000000
2    0.0  0.000000  0.000000
3    0.0  0.000000  0.000000
4    0.0  0.000000  0.000000
5    0.0  1.414214  1.732051
6    0.0  0.000000  0.000000
7    0.0  0.000000  0.000000
8    0.0  0.000000  0.000000
9    0.0  0.000000  0.000000
10   0.0  0.000000  0.000000
11   0.0  0.000000  0.000000
12   0.0  0.000000  0.000000
13   0.0  1.414214  1.414214
14   0.0  0.000000  0.000000
15   0.0  0.000000  0.000000
16   0.0  0.000000  0.000000
17   0.0  0.000000  0.000000
18   0.0  0.000000  0.000000
19   0.0  0.000000  0.000000
20   0.0  0.000000  0.000000
21   0.0  0.000000  0.000000
22   0.0  0.000000  0.000000
23   0.0  0.000000  0.000000
24   0.0  0.000000  0.000000
25   0.0  0.000000  0.000000
26   0.0  0.000000  0.000000
27   0.0  0.000000  0.000000
28   0.0  0.000000  0.000000
29   0.0  0.000000  0.000000
..   ...       ...       ...
970  0.0  0.000000  0.000000
971  0.0  0.000000  0.000000
972  0.0  0.000000  0.000000
973  0.0  0.000000  1.414214
974  0.0  2.000000  2.000000
975  0.0  2.449490  3.162278
976  0.0  1.732051  1.732051
977  0.0  0.000000  2.236068
978  0.0  2.236068  2.449490
979  0.0  2.828427  3.000000
980  0.0  2.000000  2.236068
981  0.0  0.000000  3.000000
982  0.0  3.162278  3.605551
983  0.0  0.000000  2.236068
984  0.0  2.449490  2.449490
985  0.0  0.000000  1.732051
986  0.0  2.236068  2.236068
987  0.0  0.000000  1.732051
988  0.0  2.000000  2.236068
989  0.0  1.414214  1.414214
990  0.0  1.732051  1.732051
991  0.0  1.000000  1.414214
992  0.0  2.000000  2.236068
993  0.0  1.000000  1.000000
994  0.0  0.000000  0.000000
995  0.0  1.732051  1.732051
996  0.0  0.000000  0.000000
997  0.0  0.000000  0.000000
998  0.0  1.000000  2.236068
999  0.0  0.000000  0.000000

[1000 rows x 3 columns]