       0    1    2
0    544  189  365
1      1  185  545
2    369  363    2
3      4    6    7
4      4    6    7
5      5  903    4
6      4    6    7
7      4    6    7
8    194  192  193
9    194  192  193
10    12   11   10
11    12   11   10
12    12   11   10
13    13  226   45
14   765  766  198
15    27   28  583
16    27   28  583
17   765  766  198
18   379  376  557
19   765  766  198
20   936   20  768
21   579   25  388
22   579   25  388
23   216  394  219
24   216  394  219
25   579   25  388
26   936   20  768
27    27   28  583
28    27   28  583
29   568  942  582
..   ...  ...  ...
970  568  942  582
971  247   66  790
972  610  429  972
973  792  973  921
974  974  793  612
975  975  251  432
976  976  614  795
977  796  977  436
978  978  798  617
979  979  618  437
980  980  799  439
981  981  800  619
982  982  621  801
983  983  804  624
984  984  805  624
985  985  626  806
986  986  807  808
987  987  266  447
988  988  989  987
989  989  540  539
990  990  525  882
991  991  833  284
992  992  833  269
993  993  643   99
994  108  276  460
995  995  108  276
996  816  996  997
997  816  996  997
998  998  110  108
999  464  651  819

[1000 rows x 3 columns]


       0         1         2
0    0.0  0.000000  0.000000
1    0.0  0.000000  0.000000
2    0.0  0.000000  0.000000
3    0.0  0.000000  0.000000
4    0.0  0.000000  0.000000
5    0.0  1.414214  1.732051
6    0.0  0.000000  0.000000
7    0.0  0.000000  0.000000
8    0.0  0.000000  0.000000
9    0.0  0.000000  0.000000
10   0.0  0.000000  0.000000
11   0.0  0.000000  0.000000
12   0.0  0.000000  0.000000
13   0.0  1.414214  1.414214
14   0.0  0.000000  0.000000
15   0.0  0.000000  0.000000
16   0.0  0.000000  0.000000
17   0.0  0.000000  0.000000
18   0.0  0.000000  0.000000
19   0.0  0.000000  0.000000
20   0.0  0.000000  0.000000
21   0.0  0.000000  0.000000
22   0.0  0.000000  0.000000
23   0.0  0.000000  0.000000
24   0.0  0.000000  0.000000
25   0.0  0.000000  0.000000
26   0.0  0.000000  0.000000
27   0.0  0.000000  0.000000
28   0.0  0.000000  0.000000
29   0.0  0.000000  0.000000
..   ...       ...       ...
970  0.0  0.000000  0.000000
971  0.0  0.000000  0.000000
972  0.0  0.000000  0.000000
973  0.0  0.000000  1.414214
974  0.0  2.000000  2.000000
975  0.0  2.449490  3.162278
976  0.0  1.732051  1.732051
977  0.0  0.000000  2.236068
978  0.0  2.236068  2.449490
979  0.0  2.828427  3.000000
980  0.0  2.000000  2.236068
981  0.0  0.000000  3.000000
982  0.0  3.162278  3.605551
983  0.0  0.000000  2.236068
984  0.0  2.449490  2.449490
985  0.0  0.000000  1.732051
986  0.0  2.236068  2.236068
987  0.0  0.000000  1.732051
988  0.0  2.000000  2.236068
989  0.0  1.414214  1.414214
990  0.0  1.732051  1.732051
991  0.0  1.000000  1.414214
992  0.0  2.000000  2.236068
993  0.0  1.000000  1.000000
994  0.0  0.000000  0.000000
995  0.0  1.732051  1.732051
996  0.0  0.000000  0.000000
997  0.0  0.000000  0.000000
998  0.0  1.000000  2.236068
999  0.0  0.000000  0.000000

[1000 rows x 3 columns]